63569,59479,6003,47111,66451,26521,88450,30455,37428,44306,82249,74319,32259,87654,22914,80263,95336,42702,71550,11100,99711,51210,21839,91857,2229,8179,8345,63929,54210,23110,70458,41649,77028,16429,94804,90991,90304,75479,42525,53141,22811,23543,76518,63518,95713,43035,1392,36016,34268,52957,17418,23722,36640,9363,24831,35099,29425,3166,1399,43452,75070,52569,62723,82566,23517,34385,95171,83714,89185,19907,77611,67170,76416,21530,4447,45242,46463,4873,18106,36799,31049,3797,71597,98551,75257,52464,77493,62196,83686,37310,60343,40009,38782,2582,71044,18842,13997,59651,37825,43472
74345,85582,54477,66335,66167,6255,73204,94271,60941,23243,43203,98872,2127,22081,45244,23282,97550,14231,34854,90939,21257,6113,37165,23541,75060,37122,1954,69911,27750,52934,11568,73193,42520,27207,68591,27810,11169,44888,74266,2621,63127,44095,26454,68716,30115,53172,26672,78091,69483,25069,62755,87471,39446,34512,5687,54710,57600,43842,23367,86218,68041,66967,74579,53701,91435,8950,88360,66794,52236,84316,50585,96355,87373,45531,16107,55791,55143,56982,15131,61988,10853,89960,85234,25918,64192,20764,27894,43837,69888,94988,22231,13761,28619,75178,23095,95257,91285,71374,39137,33264
47321,93169,84199,76944,69024,71439,4386,33464,48248,84634,63329,11423,11155,3917,35623,7014,4281,83162,41810,12337,65019,62249,59909,79038,42734,9118,40175,68406,9961,86474,73408,95160,96558,72531,2364,71322,89318,87443,88971,95203,58369,5676,89852,78030,91935,4688,34672,2922,24715,61092,51312,83682,21024,94439,6407,56275,34499,21681,32947,74300,2204,72332,78111,31364,8927,22204,71056,17489,15951,71715,5591,99543,50959,50391,79697,25921,51892,41601,87027,39540,50054,86436,36946,39635,70273,18247,61738,9521,34523,4832,28087,77491,96195,31492,37172,42026,77558,99426,77940,70393
38356,59237,86282,87463,51284,89831,98527,20395,70113,58133,35985,21280,60107,54433,21612,70790,13345,36363,83007,84877,93837,40109,64090,77910,4539,23619,51520,16942,52494,91866,97490,9239,96880,23951,69574,85950,70104,90158,97851,75787,14705,12586,45493,17974,57098,75309,45339,10764,56562,40802,75058,73481,88537,82997,35583,12652,57008,46226,34974,83720,42239,81307,47692,12869,97006,12920,10448,29396,71503,65635,83299,21342,63206,66806,44592,56730,74571,63404,15514,71965,64518,67376,91419,38263,12931,58965,56107,28359,93724,78979,21716,42984,12130,81248,89659,62444,58612,53242,98657,24045
98597,57493,25383,93280,65182,72770,21690,7414,81054,42992,37167,71309,11595,45888,62809,2402,20156,82673,66739,49383,49984,59802,26532,77848,97375,4351,43892,69966,20874,70639,84989,56020,70460,22026,83034,75799,56655,91904,17233,92315,30788,73381,50845,43733,96596,12415,53297,25378,1895,37623,16445,88376,74561,17572,28713,89408,16489,40179,11612,26438,11972,65721,50374,65621,91448,67650,83504,47990,5137,46265,25234,51262,46585,93305,22697,10889,32805,18741,54096,94443,6546,85343,26209,62160,40931,68654,57281,58643,70420,11173,42071,64811,16120,71834,33100,25196,88290,57490,80761,63341
44193,82079,11538,87028,58200,80839,74667,33140,80896,76354,72114,83781,28623,97442,53693,3059,50245,21171,37292,56434,21822,37921,68519,78444,11630,61849,65322,40689,27412,39300,473,83745,16121,13039,24228,63152,8686,26618,97916,52000,99972,71201,63563,55232,40114,44970,89286,67368,40185,54399,69594,87073,53243,86798,61421,61618,48453,4326,27358,79108,63827,29988,51494,262,35336,26791,55135,82498,99841,71291,95245,2653,67500,50327,82745,81282,16533,69561,60426,12171,3266,51530,4661,69860,43118,20801,392,24220,70503,89455,17611,71772,61229,46851,60300,93357,29391,667,67629,82152
46682,1000,7129,98801,50681,68562,90590,49466,80881,62301,51554,35188,2007,98561,61125,60618,30388,5838,10178,21303,24752,61825,77452,37881,79322,2255,54255,55207,93116,75453,13790,16571,11762,60385,17357,58703,77576,62479,6133,76222,29225,23379,4021,69053,52946,95218,35904,78410,50669,82605,47202,82626,99014,30748,51792,95275,13093,27979,64065,54484,51078,82365,76492,636,80293,45665,40576,1057,73996,42716,68690,99201,68183,67260,13592,48758,39630,15027,88481,70991,49498,30981,24548,67948,55314,2482,33205,61928,58090,13195,80009,79916,77937,27921,77298,31938,3946,37362,75582,70008
81641,43807,89103,89049,62909,68775,95167,95598,20619,44203,96764,53345,86906,66367,59083,20035,22638,85499,50226,65730,26131,82985,69030,64270,43116,84746,87859,55107,37637,46524,26105,54635,93864,96017,52691,3796,94458,13877,15336,51053,94505,49168,98519,51068,9361,53204,80208,63386,56110,29017,5366,99455,27492,50550,50108,98996,62047,92642,65477,14286,60471,87020,32939,74823,3978,18955,88756,12173,32097,64970,54591,35564,78715,5586,78897,88079,77999,72643,88424,865,51543,66512,30120,23499,71368,83493,94520,40720,8515,44886,83465,551,27794,86759,62948,62518,24712,40284,90707,17798
92926,78424,15167,72056,53309,68827,2463,4262,8850,87771,16313,95252,39801,63940,53491,71281,28636,32533,33571,54790,5771,13718,95920,69705,56431,94507,35186,67777,59277,79214,30671,10587,97591,14013,99950,306,46491,13020,46105,73210,43973,65397,71858,17992,5178,25948,54393,76159,45192,36494,13090,7560,12106,70057,45422,81186,13101,77117,25994,60242,24348,8459,91190,85271,49284,25100,71778,21849,60940,36118,70355,48575,7459,58325,44876,39997,68971,14339,55437,87993,81995,93488,54121,65885,64548,60318,42869,28778,58484,87960,84572,47041,14258,89789,26565,19625,96231,79124,75252,46966
18128,57093,65158,99151,53551,87920,11719,80372,31600,71363,67550,24774,76891,67911,99747,66151,80772,13336,519,83221,3177,2435,39608,66674,68218,91422,11854,55884,71111,74949,75522,89809,60902,57712,51830,96005,84388,23288,26474,49005,25381,45640,91782,1281,62990,40673,49105,11816,5202,6314,28958,96075,54615,1869,28769,15652,21881,23493,33841,36083,15725,7211,30321,95610,34050,24410,68785,82214,78337,70127,73151,15863,9345,28935,27814,80978,42949,87827,23333,91417,71396,43314,79554,13158,3687,82767,57258,93168,59862,8172,23190,40177,4997,94627,67823,88361,86526,5128,36335,91735
15569,48122,30581,34292,39225,84638,91366,2318,73738,12447,44427,36467,44887,68079,89383,10356,73349,25829,68836,21239,30773,83062,4766,63782,19027,35055,4530,50867,11577,58442,14797,29254,76569,467,79057,6302,84901,50936,99094,57993,2703,98800,86730,92125,8853,75494,56099,18432,52833,10362,18564,18418,6124,67972,89048,59720,93450,75658,11662,61228,35793,38823,17027,39783,7539,26974,36459,42506,49774,67692,73765,41763,35276,41490,35343,97531,17145,47050,14198,33428,27189,18551,55765,85854,74370,44844,13653,86022,15502,789,34070,37266,39395,17230,49347,47181,26343,16590,2863,26517
53749,66049,17908,2099,27652,89481,14025,17634,70041,46005,71826,53521,27410,30553,16804,26870,24219,75375,75893,67388,89506,76578,44990,81138,56198,28756,9628,66654,71410,47582,13880,2267,76625,94910,21422,14777,95635,89792,87044,65387,43027,98348,8924,59239,1713,18208,3052,55966,77019,92326,7709,25057,79015,54930,1876,80243,63968,48148,49524,68126,40692,93722,47712,2742,39309,48582,37933,70595,97011,76181,91809,34739,63157,54948,72507,40799,86819,92474,99738,81491,7106,25991,72159,82652,94415,56383,29632,78623,93448,18013,37554,51386,34287,64298,75569,63377,14577,22894,71242,63947
95049,65979,46970,7901,42786,53631,27284,66432,49328,92022,66530,4861,90034,51945,93412,77046,40630,71355,74540,94898,76932,13768,42251,38174,14395,59838,9695,61932,60297,31768,9706,77841,55639,13404,57386,83859,89540,99872,4892,90186,22044,46019,97917,7340,74262,64035,72446,14415,71852,582,4395,4359,30920,66129,25962,15473,34358,70762,97989,99727,81052,2728,56345,47929,86032,48870,73401,31912,62009,52996,90746,51427,86410,25136,11982,48057,31616,18062,73265,55084,94772,80689,42,92403,79131,94712,87795,78009,66095,3571,73014,17408,36622,17678,8458,68289,96278,22291,36601,41159
29302,95823,97380,45013,79209,17759,60153,67009,40785,72726,23579,18765,920,56484,17009,11813,25745,44629,25791,15551,45630,28642,57664,49214,90020,20721,71035,36616,97323,2116,88068,65845,52729,44581,51505,10120,92511,57221,96570,62778,55176,39937,211,13036,58458,45818,71870,90224,49806,36179,89915,55331,69266,76632,59804,2966,52645,90936,6208,4927,64301,94402,89148,29289,28716,57002,20944,49030,97590,77143,3051,49890,4137,37474,30652,42868,5746,28107,78665,41655,58003,28301,78045,7253,39186,75022,1728,97332,75165,99617,77426,60683,82481,41544,82186,25000,97983,66982,66724,51528
13538,79514,34173,92764,39218,21251,30149,12257,53074,95681,59430,22871,87538,61242,68179,48677,8577,18171,18538,47952,37748,96112,21889,80006,47466,56180,67280,30225,81068,94729,93962,80478,13879,6675,28060,82891,57766,67946,11938,1694,52451,6707,12313,11503,33189,48568,32698,9870,9895,6109,20527,82412,67619,60004,41538,68617,34915,83854,15395,68794,39234,9189,34423,62311,80119,14503,78068,12491,14190,23848,96836,91089,40154,50873,9515,94044,89976,79480,32076,61299,74277,14375,70531,45980,25498,9525,62661,5677,28899,28067,30235,75505,64987,51932,89405,51250,66033,25095,44658,29872
78191,21954,79610,43857,49686,64858,19165,36895,42336,41016,90409,63477,49492,33054,67207,85292,29015,35874,37539,7315,1026,77903,35183,49966,92422,52314,14780,86649,28939,21420,52576,6490,76675,11572,92770,46338,68789,78243,29550,66363,41311,39111,36418,10818,4524,66711,51740,99413,2155,85348,88026,50652,60331,60260,50050,89413,48958,96673,27625,2737,80230,91253,61363,6660,78236,65366,35436,15638,59243,35835,713,93330,49380,73026,68117,99909,61021,81166,44751,55270,39578,91722,48669,98639,7282,98138,19768,2083,76844,48860,96416,37469,54691,46276,59229,33208,28029,85712,54816,922
1305,18960,49612,2180,6013,88391,86879,11535,40675,7334,20329,44363,47455,79259,76019,5770,93638,20844,77187,78777,85267,48519,67981,85145,78074,17130,62815,59154,61541,96877,92397,5691,88829,18163,77920,6451,33678,78332,23105,172,52099,79999,42753,32575,57702,65752,34866,23162,62881,94888,94657,25872,91932,24968,16566,22919,20868,92189,57931,61452,95952,83599,77649,2326,46303,18644,51697,75075,26535,14567,57168,76310,45936,14910,8361,13728,52772,79475,18581,9762,43238,85825,30137,47807,41532,36987,39045,33575,31613,73667,3989,29196,47190,59702,21571,87675,97800,86270,34832,6235
92708,89430,30263,89952,73866,69734,76052,13967,96109,2789,77947,50524,23407,64413,87098,29613,41501,14483,30426,19338,89414,38235,74166,36753,74400,51747,98883,31687,93342,26328,87700,40171,98295,9462,72772,3629,26358,98699,78170,67136,68376,558,66543,56268,98750,20345,18119,24580,28386,58500,75173,44762,80131,50582,12413,85580,37376,14336,16646,66699,84701,27507,87687,43726,8442,12804,72755,63748,2857,37962,26245,7227,5886,72994,35646,44594,91504,2352,55066,41275,5073,87354,111,61891,64072,6369,29128,9485,20497,75762,75397,39691,50378,88438,43039,5067,32045,1742,6375,75623
10916,9324,7473,51826,78462,57940,20710,70299,76035,79620,11812,15438,34209,93744,89060,73028,18155,40004,89209,74109,71023,51546,42119,3730,928,23593,78549,16883,44145,58729,94817,47668,73413,75705,76995,1562,74358,83083,47887,57950,87052,6886,40031,42572,93794,20903,54954,47855,32964,3029,67670,42558,79666,4829,28726,53644,83501,233,16978,92024,24308,87101,11184,86332,43038,76724,6976,38237,54479,8803,46163,3860,55396,7114,73471,72504,51529,93447,56740,63340,25705,75341,51938,73361,48978,57732,31476,80480,67816,67232,78987,17256,54335,46278,39932,20786,38244,67558,11617,53111
7979,78734,63670,93164,87855,73689,29,74138,1567,63323,49425,53037,82448,24650,75207,86628,58762,46139,89858,23369,34369,93093,2683,97480,59872,35042,6671,56319,47944,97626,70060,19013,15392,55681,65513,63715,74683,98066,78455,40405,951,62105,98330,97953,16344,66063,95602,89959,38240,7477,23801,91243,35252,81336,58962,51918,2910,75757,33548,7121,436,28606,888,91390,77606,72804,71567,13896,45288,19910,72882,3741,75369,43702,4477,62605,81394,9593,74442,91384,590,46653,6734,86512,39106,98565,27226,36035,89621,89242,52243,73994,45453,2693,63989,49716,53941,33930,2821,84457
24179,30539,1800,74026,50010,52469,6635,95741,28724,44341,72965,25412,93472,99219,36971,67757,74125,38093,42646,47389,83186,60759,83093,97333,95568,55628,60250,43077,80647,13155,94571,3336,287,1566,24335,3531,64361,98315,37776,83240,68412,78687,21852,81918,84297,88869,39213,98151,85914,92184,64826,71249,43570,53540,54007,49797,5105,56392,24781,43327,83567,28171,57881,52038,41019,87637,64705,82837,72057,37792,87001,39728,56321,64063,81397,55150,70778,18816,89785,97724,9780,89839,82392,4109,70864,39820,92050,37873,92830,57458,85006,45900,9042,83488,14823,39537,67478,49756,93733,81898
70677,49619,91158,1109,80292,91062,11582,29940,4553,95099,88146,58545,14937,72107,8012,75143,30453,20398,40197,55202,19585,59163,53068,36044,65673,60544,39601,17423,18383,1926,54461,74967,67519,58971,68494,24896,63338,51773,35706,19633,2599,70968,82522,82928,53433,45156,70962,80544,73041,89342,3422,45409,97551,85862,33869,27851,21478,35640,39690,81802,37433,54993,15001,13216,89872,20263,29095,38341,58150,12578,74785,27243,26712,5062,22113,79052,85928,67567,91112,81420,2541,50826,99399,50907,61191,7913,69688,77539,28583,83455,41811,97737,80619,19583,97314,91489,43060,37642,17066,85163
71474,63250,79220,21378,75804,74774,57990,47522,64861,25333,1388,28290,21237,99166,70109,22949,2959,65231,64531,79731,23244,35597,62108,49360,90639,55694,47771,80014,5346,81107,5159,61025,68124,40111,17595,42929,84777,64488,58887,52819,13715,12690,65575,92989,89780,18981,52609,61046,14872,4753,68876,92846,30338,98674,99994,71019,16907,20138,83612,15537,15071,11349,35963,37435,41762,48439,98229,3112,89525,62289,19718,57903,71888,52289,93284,1002,80892,66182,60629,41865,50962,26649,13108,40480,1465,79037,72586,81437,69355,95575,96521,64277,88021,78273,81976,25086,27178,22485,51268,95566
84795,34697,58689,21664,69789,88604,58250,33455,33178,98510,65683,48731,29964,60662,63717,86763,18904,30108,8854,49747,93766,64614,4559,49870,25414,95371,51811,36791,92638,21947,11339,76596,19122,94047,33524,76422,82431,88369,29411,54472,6832,37060,18495,66259,83214,15896,48633,50947,38436,73496,52406,30498,91738,49517,50821,67894,2998,67474,74800,49254,94417,57392,57430,81177,92573,81783,7734,12191,22568,46272,56299,96395,88978,97381,44029,85657,65301,80848,75806,95487,73002,51817,16882,25576,76714,23727,12066,28038,94861,85803,53707,23192,14990,1853,23825,18637,54045,24359,44949,96872
92488,72448,38358,31727,3122,15128,43617,51465,74122,11800,84194,14293,83320,26449,6747,51370,13810,77708,49120,67345,63591,51669,67779,73935,96245,48714,49311,19850,93339,61329,24920,61335,94512,97797,37604,95740,2436,68510,68408,69848,64438,52834,10778,79470,48594,21009,51608,94192,92745,387,14922,34655,60610,38374,65531,20189,79407,22938,74991,95965,17563,59444,48818,56967,78667,38853,53485,58099,14110,58038,50345,85804,5377,12745,96125,40377,47913,14983,77828,80262,99361,63310,35911,52568,62952,19547,17578,71247,91527,78440,94918,6188,15819,37023,37342,11793,27209,70905,22564,98477
58149,56073,45858,50315,72942,16751,2776,72420,93105,65008,65111,37024,64248,76073,33744,26010,55857,9799,56525,56121,93442,78211,25243,24350,68142,70856,77021,2635,7870,1577,20485,88401,71946,25285,6467,32973,70620,98736,27918,30856,17800,72393,72851,14545,84874,15430,53185,2525,93517,68854,2627,52350,13304,87942,31329,80106,1699,15581,17250,14370,30940,37676,86388,49068,98984,25172,16588,7410,99427,45961,83665,63088,91661,80871,71780,80912,98353,39761,325,65511,55933,50,38417,77550,83949,21843,82988,47941,23933,51729,73272,49218,96262,89866,53982,80351,43577,19209,57806,25912
58969,28102,61313,96752,83761,58228,43772,2596,12768,7191,39324,2386,88637,66424,27655,72036,2064,89698,16985,14385,31571,64998,60850,68970,18165,25552,44213,93802,25146,10816,68650,42626,53613,56858,12006,96741,67793,48262,35470,44740,80278,86469,45134,34791,76165,96589,28960,37955,55264,97407,65920,96579,70215,40393,36980,66416,20751,73957,46911,31892,56430,65137,87661,91001,21562,64542,37504,65636,30953,97137,27481,49118,8356,98516,9660,79528,74347,73622,80062,91022,18868,41026,58340,88723,15468,45527,74415,1867,58102,97691,89530,30000,83991,57139,15335,57908,20937,82942,18548,34273
96365,52217,77365,9089,95054,70880,87011,58534,40563,81701,73203,9101,64701,6961,77858,60341,55406,95937,78400,21939,44183,92471,42891,11395,58105,83142,69683,38894,72312,50399,77413,96199,40061,99641,4942,79409,45975,66443,63879,64157,51652,36839,90349,84629,28539,87317,16833,49056,53997,12715,17668,99352,98177,94845,40383,84857,2977,81096,51855,2169,33180,42356,96786,93793,68268,56546,72931,85956,9075,97103,38906,46657,45048,52776,18516,77425,27368,75606,3831,40801,20075,21479,75692,89797,99952,98026,31729,32896,84363,3289,20568,59531,17986,26274,82748,8726,46848,88864,73434,56867
42889,13064,62476,77676,3432,18636,73109,10194,58415,33292,83756,96067,7436,16361,39355,26267,23084,11016,83803,41011,72065,95591,38730,25078,21214,85196,16208,40750,70632,64859,90833,59417,11427,34325,29784,3733,36087,52885,66200,32288,2315,2554,11445,58083,65703,81168,22363,47143,45473,68331,60974,15696,58705,17291,47275,38567,14454,32579,72141,7804,6735,66885,9253,13830,47397,9629,2020,18750,26630,43279,51325,27034,16716,12620,68686,51899,48268,59419,54656,92999,86629,15717,62603,61950,24342,9308,54713,47896,67593,79471,46268,97839,63195,87209,11056,52172,11473,38348,79886,33970
77278,15838,13120,61859,62583,87566,25157,89696,4366,89468,99428,41280,38112,95024,75863,14199,24944,95766,80802,13964,99863,82130,89236,38399,75179,11677,23094,59941,68837,67595,65389,84008,48547,23660,85374,24697,20432,64613,99400,27047,13072,65458,60751,46811,52958,21515,70335,88407,4959,53600,91619,88510,74189,26695,19662,19838,72214,20062,52637,66411,72940,11843,44498,76568,6059,58551,192,1199,43121,14031,98737,58338,30774,71630,34227,95329,81488,26022,61095,97697,27416,94364,90750,53381,12697,60469,24034,28671,8295,70654,90481,58560,85560,24032,27142,32647,8021,82825,56358,95366
40594,27488,72652,52491,57023,46287,71628,23594,8056,56789,55456,21135,58248,82606,26583,95258,49493,35317,61241,60546,69051,78115,57727,51476,78551,55894,23045,25362,23462,12489,87918,8150,89778,84394,77683,23654,78428,59789,72374,59607,67680,77732,42963,59952,58072,28680,13985,90509,20320,74604,79558,46141,2517,54004,34539,65265,13256,99532,20082,31489,42065,63887,4081,44707,18190,42028,27632,67719,17715,87581,53548,52233,57650,49064,30772,70669,97662,5810,82354,7779,29136,90620,16501,29634,35372,85254,30759,20200,6753,56083,21015,78586,90804,48257,31759,87050,81149,73378,90378,73963
59681,68616,54899,62020,94893,90950,12467,7629,85781,3690,1329,48249,10917,55233,32387,15672,69247,65603,81218,65050,55052,62991,8126,23087,77908,34987,5882,66485,72038,20297,74909,73202,76368,83105,71973,32949,94125,99921,60814,55781,62329,78706,2666,27908,41838,66865,5699,87345,61093,68132,29526,37576,34792,12846,36957,65934,22759,64793,3437,74225,98311,13660,92964,1528,6732,63749,44175,68658,43325,36477,57101,39838,87750,2442,90027,17507,77313,86132,97053,37397,45987,73686,27105,4807,74694,48950,68884,70295,17966,26381,63553,89829,44867,30102,55338,7447,37937,37968,93835,11163
45669,70284,34231,98625,38997,25783,86188,11792,16743,31466,91895,61336,24107,95074,85850,18990,46907,32616,84055,2478,8032,56136,92715,21885,73771,17154,50269,53772,35351,50181,3013,8995,25182,12296,19499,37947,45985,9842,44310,13450,57698,64854,37538,72278,10431,62450,38537,56771,12809,15742,65789,69437,16420,35041,59974,21855,68007,34114,67427,82580,24301,10900,29212,24819,81226,36364,52703,62516,56418,19740,34239,57210,47200,12268,56679,60727,67830,63423,44331,29625,33949,77972,94633,58304,91300,76928,81200,70618,71014,44054,4431,41120,20664,57764,91156,7080,89687,92450,97508,47140
37987,4608,79852,64979,56094,24207,91034,72398,43689,83243,15858,43290,32787,14583,19574,19878,31897,71964,26739,55690,5954,61460,7380,34521,79399,28570,21786,71445,14269,52856,33326,93918,56644,56240,45492,4912,66620,32936,97614,23786,20065,34790,27531,21945,78457,61577,37823,35516,10458,92212,28391,26217,78472,33309,70723,2614,93187,37804,74129,56,7736,85640,71837,65967,27248,16070,21687,79974,92914,56588,44739,48864,75655,20012,98879,81513,95240,51484,48481,13956,43504,7499,26755,15176,99615,11566,51835,82713,71456,38589,73143,60131,42301,38058,5945,32337,19103,81646,95084,73927
46196,31038,80538,26563,78397,85163,37642,91489,97314,80619,77592,15634,41811,83455,87676,10623,77539,51463,69688,26023,37398,14991,50907,80271,50826,2541,81420,91112,67567,85928,64683,79052,21298,26712,90665,8607,13627,40756,74785,19701,12578,58150,29095,20263,35059,25760,54993,37433,55715,39690,21478,32785,33869,85862,3422,84059,73041,80544,70962,45156,64907,84760,82928,19195,92954,63338,24896,68494,58971,67519,66750,49017,54461,5939,17423,60544,65673,40197,20398,30453,75143,8012,56561,50209,14937,88146,45902,95099,4553,94392,43323,45680,21713,29940,40698,21943,65355,80292,39666,1109
11874,51551,97212,2656,99010,68314,82867,65063,17101,16645,76132,50896,25971,514,65713,9734,48229,69239,31249,10658,19495,80084,97147,71387,56254,41037,76000,46957,10491,63200,26048,96425,39401,36689,6567,88186,93016,53962,76764,66058,23903,66499,53800,22056,58748,8147,26417,52483,84127,76660,16554,17548,26702,22608,98936,28787,1579,70482,27348,16265,64013,76242,36690,65823,60290,56273,60508,31543,46432,60071,21273,16623,49947,87153,50789,75388,59525,48901,28976,51163,44541,24707,36869,94779,64830,3269,74920,16617,84539,83992,35382,98757,42577,49350,86585,79630,429,59130,69367,55970
57486,77832,13824,68645,65850,5198,40990,98839,26025,22865,72632,81535,31432,2068,14801,68291,82963,31714,50290,18853,54765,45269,41463,12736,91589,68411,62162,35282,65116,73336,38914,63521,26458,43595,27161,89908,76325,57218,92874,36422,46962,68496,22151,58563,13307,20676,96855,10726,46520,57348,18666,6851,20691,19893,84959,21367,60310,99244,70361,26264,63667,88243,8269,42759,88033,63067,21465,56335,12329,82877,6589,93510,43723,22822,28728,80476,21105,24593,45743,55511,7976,75911,50379,5391,84062,74846,26393,90669,2129,65156,54134,78120,74257,98893,68800,21791,63124,30641,59883,39945
42272,40196,2991,60956,25106,29616,98687,68353,47131,75716,55047,45551,15492,30990,84239,51220,34967,29200,44519,20175,37544,2247,76038,84285,52636,83785,24833,29050,77776,78599,72121,23911,74922,14197,93369,93056,79002,78439,65493,81185,48533,11507,41709,45272,76128,50429,90346,86782,38425,81958,26215,28292,44438,50077,53611,65052,13001,38841,49128,55473,97472,87914,93008,76791,88276,71809,70486,44956,26879,79668,87956,81693,37327,41930,32718,421,57634,76274,31376,68995,30968,5683,88353,77760,44934,96165,79983,76088,94065,31981,74730,94167,10499,31658,60816,59391,3152,60625,86614,95449
79055,8020,37016,51282,91277,9930,63755,85467,51820,46252,19890,63612,7289,70798,46809,15084,14121,10609,66531,30720,70326,65213,10312,41483,96217,6779,21116,10958,98908,38747,65600,9048,3545,76626,68561,39780,60164,41819,76718,60669,48113,74128,4572,27841,48656,79938,83081,33833,322,92992,57971,40358,56720,84126,6800,42005,80836,55860,85647,37,70244,32059,97340,7421,84437,81510,84714,78743,84014,24868,60240,90617,78414,84938,93295,91592,92732,95791,28721,77561,7074,20027,48010,38278,92431,86148,36034,71802,19996,19986,99488,82654,74324,3587,30196,59657,6418,97001,26864,32922
84062,75911,74846,7976,55511,65156,74257,98893,24593,30641,21105,80476,39945,25521,28728,24772,43723,62434,93510,6589,2360,12329,56335,42800,10430,58129,21465,33785,42759,8269,71142,34547,88243,26264,99244,74365,29273,84959,19893,68804,20691,93148,6851,54778,67236,68372,18666,3686,46505,10726,21475,24041,95209,22151,46962,49320,92874,89908,92304,50467,73336,65116,35282,4349,62162,9018,12736,45269,41703,54765,69730,51989,82963,22493,11782,68291,1825,14801,2068,31432,51850,11717,34678,81535,72632,75152,26025,86740,31495,79606,787,57486,77832,25636,13824,59704,68645,65850,52848,5198
73991,88705,39488,78024,34566,42467,78836,87917,26546,37092,92634,18872,35178,62546,99709,99932,16481,41862,28101,22702,41070,75789,79839,82851,12634,54664,70894,84871,43239,43401,85224,97497,59017,70006,13357,41342,87155,51172,40278,12295,93190,25954,97830,2930,47120,13753,51577,11836,29679,85458,74962,16357,7240,54589,48055,24159,77334,64262,49771,78939,14639,2024,76883,46984,71244,72945,50072,68317,1371,14413,81872,33453,40722,47627,74229,70809,22699,46399,81556,85896,32799,65441,88650,35136,25320,96431,10072,56262,54852,67012,14688,40579,54496,45851,95970,14180,86957,50965,55138,33293
63437,56410,23341,95700,99906,42955,16553,76802,22334,92419,32071,17198,55861,57671,48598,84837,32415,80930,40048,56958,84245,33243,64717,62652,30473,73912,16014,44840,98734,45875,7270,69632,66120,36618,60074,79901,58267,57932,87998,22678,13692,68506,58765,24682,78550,88526,25976,68362,11308,89711,5757,40372,23213,90279,63794,39796,93362,83048,17494,32333,52275,28626,75148,73896,69787,25274,83679,16375,31791,52037,17412,72251,42991,76964,5450,39032,96190,75233,5824,21531,25871,5648,21629,39185,39212,24244,19236,13209,84955,69735,72925,17067,65525,99511,85689,28571,26746,42477,16172,98490
38773,13748,16966,85799,32750,48696,48760,76444,61198,26587,35338,39809,35936,83096,43068,48318,30313,67176,35387,94791,26199,24511,18453,30002,81464,87833,42327,58822,76773,95022,69150,16205,76026,88098,46886,57327,75361,39636,35377,46644,68046,10535,28803,90148,58238,71984,83075,18578,49073,63544,51489,36491,44345,94909,70257,6126,77505,71698,20768,55163,36635,8731,48783,12043,92941,55644,60818,81959,95462,62697,38552,92656,12100,75052,25359,60150,92514,81294,52480,93506,21370,23648,20725,40826,34950,99693,27166,35019,31278,56550,60934,47969,54648,18052,91763,3250,47911,95894,82307,64522
39681,60081,61103,2908,9630,67083,81327,47354,69744,5722,39555,38770,26644,33917,61209,80972,18083,85243,96829,22170,18536,37496,39734,86038,2992,94288,45090,70485,90230,2377,53835,57162,61728,36759,1075,38359,28048,18563,25794,36433,89096,5643,7566,96583,47023,83508,48899,87372,65929,11199,290,96068,2825,87206,14971,1434,8280,5877,94635,46617,51798,80771,41946,59595,12641,90205,13570,57335,56304,89518,88083,46109,105,56182,37453,6285,59636,15405,87689,63502,22995,65120,77873,63069,40600,87949,88463,61473,33267,2963,96548,74593,76137,92621,4726,42983,49121,726,33780,99598
19745,54038,77192,85992,34571,36683,69623,70375,2291,8751,59821,27759,77548,53953,35232,94063,57776,94332,71608,61383,3756,57247,55602,74622,8143,18937,92521,71483,23757,45247,86343,88736,32626,96783,3838,58914,60298,39818,12857,1055,3463,78316,30995,38963,21727,88170,13106,54302,24358,91672,20376,33747,24870,61412,18102,68548,59541,16323,77862,79217,78742,45281,45737,66857,31063,377,31546,58063,59059,40064,78763,60960,7987,77213,20171,74005,91596,92335,5742,73918,18910,93599,84910,19490,98223,80550,55248,91032,48082,20992,85688,87606,73863,29226,61433,51168,34435,85388,79364,67397
14730,10718,17734,22559,10064,71823,38873,34027,41907,90863,52629,40559,54702,20279,37938,11878,66431,44305,25434,81196,45546,24057,53132,63475,39088,27342,99528,87974,30395,10421,57385,54903,95351,45832,28020,34015,17689,11367,26675,75394,60299,62582,94034,735,57123,2570,47791,2017,36828,83911,9213,78188,71380,52415,49375,94056,11646,30118,20192,68928,81723,18613,19720,44336,66832,54699,22254,23254,53437,71028,34341,4485,47077,49946,3962,13579,50992,72331,23492,23781,20728,76914,829,68680,90893,32383,58648,90920,34084,45204,12765,24302,37248,19494,39326,75576,54653,40618,25858,4874
12291,51024,70837,73857,45359,48208,99013,13823,62172,13884,37021,34301,3041,8178,80075,80575,30360,40005,78902,85011,64890,62107,34665,67051,73384,79515,56846,66068,99908,17727,65344,68832,96931,56852,18346,11326,56526,70066,73497,46793,23207,90254,25653,47007,99917,57249,31355,69545,15901,89963,40236,59138,87746,83262,17104,42654,65815,78018,60562,34714,68205,37682,96675,71477,66142,73559,2939,98990,46910,30398,26227,32901,73673,76622,28550,35369,31462,47881,62148,80992,99319,20590,14794,68881,77929,2705,50695,90588,30144,46735,6513,92122,79909,23057,2617,88247,45722,54383,1939,89598
46240,89511,47060,72442,21230,34269,15946,63064,77428,62670,97635,48121,21061,7813,43192,94220,50109,26943,5844,49334,20314,45510,63381,25577,41637,48423,49277,86385,95354,55798,58753,66081,63220,93769,11537,9240,84595,53555,30164,36419,1606,95614,96366,85465,73730,76633,51744,88374,42746,2449,25251,80516,39383,2770,11546,45811,80664,50517,86054,18415,16898,72819,34159,43001,44354,52186,22048,1123,98265,40110,65955,88769,7448,9984,16151,1715,36554,22620,17246,60916,86523,15985,84679,80196,87782,5239,98504,6524,83353,76166,83059,62981,31205,68751,91845,88966,17371,55569,74197,19995
41570,90510,89799,95223,31863,29818,50131,32694,95051,63043,72743,50617,30629,47811,15282,82458,31212,73257,458,4826,82579,3032,88281,65637,93667,97339,35560,4795,41448,81659,18144,80128,521,97145,59283,15856,85116,94036,23281,64184,95294,19706,29902,70214,49098,61931,45927,87544,23790,9170,39085,64409,47518,78796,9511,9172,11211,9696,94030,55921,9588,81231,30577,57286,89102,74568,57620,57894,37946,92371,60333,77152,66612,86137,27912,77013,95355,89001,22700,20807,96540,12081,69319,35429,32944,49000,90313,90951,40461,77492,13374,1183,1308,35766,19196,43648,82118,20042,33755,96158
84046,29772,66795,80844,19457,52975,25603,76706,69372,31387,3176,24930,76461,79665,74696,22535,65610,88553,59939,76986,13598,87131,49955,86417,15667,51045,8628,61741,25789,72411,95388,22069,81147,62404,47980,28147,98383,41200,58503,68586,80614,14014,9728,56074,48076,58509,70397,79473,45390,69290,71080,27954,81267,82726,9467,35854,33668,38342,76763,90734,11875,96550,83421,87147,42236,85295,88627,76868,12481,17980,58034,96560,29377,70488,70985,5145,48182,71346,83374,34035,39172,92413,17342,77971,25290,7101,87076,29672,14157,16187,83701,41309,12548,96564,93372,46061,30927,61960,43615,59363
73390,55474,73403,93622,3368,56200,51407,73544,1088,59650,53646,99392,98729,74217,1302,50798,30026,57156,33591,86243,52861,94652,98546,52100,13197,44042,81217,2288,25888,39799,9746,88676,31022,81031,33751,83934,23212,57489,39843,23363,83018,27985,28289,71067,44808,72225,36251,19022,17987,74565,16694,12676,64101,92799,95571,91374,51000,95112,22996,80173,43199,14365,45501,44177,78664,23414,35595,68088,40987,10995,22680,48024,84482,45498,98220,62827,60884,54620,65055,97214,79862,83933,41355,78499,18712,43840,65381,99833,47671,12098,87873,16889,10342,8849,81210,2091,60631,53923,77730,65669
364,85025,72515,24609,68161,81884,79503,56641,18792,2094,13466,27535,85257,49842,38881,4885,68194,36440,44342,7675,805,75874,8576,51723,27446,59378,75374,36655,6422,12883,80787,87143,59669,89061,8305,943,74554,34410,11684,66338,13165,92704,4527,94500,89418,41989,12012,98972,45959,99656,75345,53686,35849,92975,61892,72287,10739,65004,34826,93653,20781,91925,39730,82042,47989,40561,86226,9936,44692,71443,4209,43609,41506,95192,21994,84817,78798,73287,5270,75028,33069,5625,81170,39303,93664,85683,21883,2612,31437,2150,754,84226,17266,6260,21834,99184,55483,93940,43821,74627
78167,43510,91951,95657,12189,72784,61920,53379,48267,61490,34805,77100,81594,81757,41439,30881,18621,55460,75917,6936,32133,61368,24138,81136,92239,44239,93755,40471,51492,62446,64667,7206,96874,10138,14206,80429,88358,62660,29708,94628,99690,14945,77024,58668,56582,36610,9931,72814,50116,96493,99242,97567,21322,19190,47917,94612,48937,12265,18924,13951,42670,64754,94359,16963,11088,54520,54409,74946,98715,57439,60234,46192,46686,50521,8332,29935,86112,23953,42286,85239,63616,86397,58292,69151,39365,72176,73428,12132,97962,57969,49379,85099,75533,62207,88591,7427,92861,67452,97207,89559
91560,94815,73526,96369,404,89260,23899,56733,4711,74635,55276,71307,64729,97132,37988,18022,64759,32274,73064,77939,43351,16754,87726,46395,11170,75927,49787,77269,35499,84407,34688,2329,25680,23166,30566,45696,14810,80917,96932,85744,69838,54135,87600,17613,44114,3884,58159,27669,17543,50559,65295,51423,53563,12684,38573,11176,55733,57030,88020,80326,59272,20666,28930,9888,10808,38804,42176,64820,3936,95164,18588,95457,84650,62988,44035,85592,91108,41728,63135,36133,42428,30476,26984,69631,14735,40163,60174,11012,33732,81555,8961,90469,26964,43647,16585,21177,51790,50664,15310,58889
86789,32577,84752,6935,24804,83846,20669,21938,12034,25573,48002,41045,85283,53557,58429,61302,48347,78156,86142,35506,68610,78523,17407,37944,92666,54764,47446,25687,16299,52054,37452,64009,21391,38170,61053,22302,84111,37566,20766,22918,15329,42194,7170,17417,15752,46776,73377,29265,59321,63369,45178,6069,30189,859,51567,1554,992,9718,56683,77627,35167,64545,31323,94178,62074,14000,75871,37993,74211,2788,32648,37651,31782,35210,12225,17978,13882,12706,89356,56709,75493,72938,9992,18222,95641,25258,931,51914,59495,6137,94239,91081,47240,8824,98212,41294,64142,6543,26786,57572
12077,30425,88201,1052,44725,18490,77111,32788,74028,36352,44549,39932,46278,54335,24097,17256,78987,67232,67816,84993,31476,57732,48978,34186,51938,58574,41263,63340,86901,9114,7857,56740,79139,21387,72954,55396,3860,26559,84384,86907,38237,6976,86332,24308,71640,30937,92024,16978,233,86266,35223,53644,28726,92737,61145,4829,16220,79666,67670,85060,40228,20903,71465,45748,22336,6886,48641,87052,57950,27540,83083,74358,66547,45609,76995,75705,29725,73413,47668,94817,44145,3730,1430,42119,17278,71023,74109,73028,56369,89060,31344,15438,79620,70299,51826,7165,10916,56954,9324,7473
48248,84634,71439,69024,76944,84199,93169,63329,47321,4386,33464,11423,11155,7014,3917,4281,41810,35623,12337,65019,83162,59909,42734,62249,9118,68406,9961,79038,86474,73408,40175,96558,72531,95160,87443,2364,71322,89318,5676,89852,88971,95203,58369,78030,24715,91935,4688,61092,51312,34672,83682,2922,21024,94439,6407,74300,2204,56275,34499,21681,31364,32947,8927,22204,72332,17489,15951,71715,5591,50959,50391,78111,79697,51892,71056,41601,99543,25921,87027,36946,39540,39635,50054,70273,86436,18247,4832,28087,77491,42026,77558,61738,9521,34523,96195,31492,37172,21616,99426,46964
73107,47737,71343,94231,61663,31338,73620,73828,78826,40501,34219,70978,15169,4771,88974,20610,2822,36427,88525,90462,60782,25447,29654,97448,55295,76769,59765,9177,46144,47398,47054,79066,11790,24260,47133,91140,26333,20381,23663,23807,6476,96567,75252,32014,29139,19625,26565,15935,63707,84572,58484,24455,29065,60318,99662,87067,54121,59384,93488,26368,40743,94142,47792,14339,51186,98634,93167,39997,36118,89194,80704,21849,61995,71778,51267,85271,91190,8459,43102,60242,41525,79419,59133,25994,77117,56633,62245,13101,27608,6102,45422,3120,56896,29428,36494,45192,76159,54393,25948,5178
905,92856,71354,30931,54167,51694,96140,22589,9844,47005,40270,79853,3360,51229,36575,42214,67488,47156,32657,90999,33110,39009,24585,30764,99019,63789,79437,65981,60027,14316,4500,5400,61739,19079,51353,14509,97424,62163,7929,42184,79065,17098,25099,33493,84547,63744,97481,9196,99327,94441,58758,39557,22409,81607,18115,94309,36057,86373,30497,66379,38160,93419,78785,29804,1648,35368,10597,87940,40958,71622,14716,41579,8738,66478,28021,55298,46267,63073,72592,95406,53831,50456,30840,97863,42175,93799,35708,89055,27242,3229,97593,51046,61581,42728,88958,88648,62799,34800,29547,30203
46818,30195,3194,27245,88688,86008,60029,81957,84850,78296,87843,56287,15204,37114,22696,85147,59316,90297,81529,35169,35363,99401,58682,56309,39102,91447,98224,14734,72059,13995,27271,40708,52130,80929,11560,12125,56583,17476,6431,20963,48986,77367,29416,67509,6986,13496,92055,37821,19830,68801,4129,73358,95129,15940,77291,70878,68638,83323,47333,14995,38256,3247,80623,75030,61005,54882,26768,83740,41048,5231,16163,3456,54025,19859,44411,90403,90142,12661,15905,34181,23296,99472,59270,49523,55665,97443,37897,38761,3852,49538,9102,18912,66980,9252,96510,10553,51711,79741,73299,80137
60972,82174,10066,12898,3196,84686,88027,44561,31989,72944,85558,2762,77865,13512,37581,61690,99025,1319,89538,25672,70328,88266,95413,91309,90696,62892,90294,42726,98186,42933,4385,13786,38706,75552,81129,57046,18657,8034,23167,87326,45220,28229,67327,70980,57736,24394,10584,38890,52880,51666,83390,95302,94560,89438,57703,96697,77551,30028,41157,29267,55103,13428,13426,99345,39220,613,81893,53598,72641,93541,61035,9651,54823,27981,54897,67255,27990,70720,98238,77351,28211,67970,63769,90320,28388,28375,30697,44053,75275,60673,88941,16221,86306,17712,95046,48902,85342,79864,19628,34702
11170,16754,77939,73064,64759,77269,18022,97132,35499,34688,55276,4711,85744,56733,69838,404,96369,73526,94815,91560,44114,89260,23899,50559,65295,74635,51423,71307,12684,11176,64729,37988,32274,80326,20666,28930,43351,9888,87726,46395,18588,75927,49787,84650,62988,44035,85592,84407,41728,2329,25680,23166,30566,45696,14810,80917,96932,14735,60174,11012,33732,54135,87600,17613,16585,51790,15310,58889,3884,58159,27669,17056,17543,99929,2042,53563,3806,43530,24456,38573,7769,55733,55731,57030,88020,91703,59272,10808,95381,99357,38804,42176,37755,64820,11460,3936,95164,95457,23371,56134
51358,35999,59588,23616,77997,31086,38162,3999,12509,64669,46462,21382,88527,23874,57352,16249,70975,372,99832,69006,47905,82746,23737,66761,34875,36641,27798,35799,24567,1241,32633,43846,51109,66542,4607,70674,10241,91358,96315,86503,44648,17490,27930,36567,57873,37213,99877,38446,51591,90739,37797,21327,45277,5727,2199,82736,12517,78802,13580,8711,82648,12604,95960,84884,39925,82206,73182,71170,5447,15416,91744,45593,5151,20032,18870,72861,99271,13060,51541,94859,43465,96707,4540,51378,2555,84007,79062,74407,43065,88813,6739,15183,32183,6479,78297,51842,90296,82935,11121,21643
75647,49879,49548,23924,74908,65233,54640,66763,54916,73529,24029,34984,46043,94619,49027,82424,97123,18865,77215,53215,41224,40922,4687,92844,93397,33795,11527,97726,31880,27762,89241,76501,1696,58603,73201,16995,62772,59950,25001,34754,40000,77836,10814,46510,2421,73242,51187,18283,24230,86449,67161,67183,719,20436,72396,67628,83809,319,92383,40466,91020,42917,10771,86322,76936,61550,89375,38693,11366,86178,86857,90163,65228,21275,8084,44322,34439,14707,18986,16536,33183,76991,64176,60997,64607,59779,11838,83183,9037,46923,48237,22004,11759,32540,74433,5515,43353,8470,21739,5843
2491,64057,12365,41565,5475,68910,67271,19028,42700,56823,92363,91547,58487,57817,44182,13417,41676,60146,7715,53489,9675,1370,38155,8622,59626,66870,75427,57099,29916,51276,56756,48362,9957,51389,81341,56542,95778,49507,50103,57222,94086,98547,98895,22943,39322,26804,36277,36461,70312,43230,64211,42844,97982,24872,96853,43555,98275,33413,61210,34210,95056,28136,4800,9474,36048,50299,93560,55954,19213,43250,29958,9375,1741,72274,73253,24106,54363,1128,47655,3036,18629,72006,41420,91980,38114,10974,5025,20861,66468,56925,59340,87349,33450,65782,10581,82816,85736,97712,75683,60493
23374,76912,6599,52336,44109,61936,98350,80536,61558,55699,38511,50455,41299,36660,5944,58314,95480,69807,38529,67131,55489,12515,93578,28320,87808,63422,28522,35203,33546,1660,13400,10981,21982,98237,16026,24694,37847,67657,39695,85400,6342,95931,29515,63110,99556,32594,65534,87560,55570,62427,98207,73433,79439,38801,40619,32473,86952,62971,85991,40813,95723,1422,31539,91123,27663,29500,94138,55488,35801,73335,70367,36218,7280,22645,9348,91733,58453,55702,56981,83118,34278,68337,60313,59403,71709,44318,64250,33665,62714,56129,95689,94562,21944,74214,26161,14277,25986,39022,58313,67759
17071,77955,65678,7498,59109,21833,47731,35841,21372,27275,36466,26688,17891,82965,5082,25857,67446,15311,69303,93601,15740,93844,16067,93767,12930,20337,18764,16987,43260,80710,31733,26255,98115,30043,61572,83101,33302,97829,73838,62523,14884,89191,20860,50400,557,94958,55560,43561,80522,22736,230,38052,21556,36831,31598,24492,93668,71294,29414,71197,70194,23706,96061,17909,42756,89562,67196,12960,42099,26091,83519,99272,16949,64668,11603,70202,36808,87708,22358,72873,3668,18308,3841,37501,69228,16729,32032,95166,10157,34414,41417,24413,70303,64223,37149,97597,68420,7196,10497,25029
19535,66643,99315,10680,20796,8396,66791,44957,30169,79417,71604,60726,76563,31685,3723,35504,29471,3620,60374,92583,58918,99195,69426,73060,39458,38016,43419,53030,88453,2031,29807,89841,92961,54237,97864,70925,21249,71619,64070,5097,83607,72407,57896,24647,45792,5340,13476,90726,64785,17158,98209,16970,79171,27761,76355,38781,41981,34924,29757,37965,39170,66402,81658,74356,5489,25743,12537,61206,93505,27520,10366,64719,94257,88506,1318,43537,24087,49344,62824,4278,99736,77557,42185,96039,14221,92137,22897,54324,83389,15486,24912,32803,39183,12505,67947,46119,1409,79080,37267,42767
92841,63089,63177,52268,79328,20823,17016,65175,73269,73621,80596,85543,46449,88280,29037,86680,78977,32752,56508,88441,87335,46983,46530,27496,39776,98820,85751,41465,39295,80505,28505,31708,88775,44780,3035,42171,38951,50747,89614,94321,80497,90805,65102,1692,65886,21983,71681,17288,57075,33824,90710,48990,10515,2259,1698,5049,93451,5925,79921,19140,48424,32826,82961,19076,61811,3488,81692,36320,50094,73221,30019,42892,84265,86773,91087,60987,86131,11757,20411,3337,95588,38590,40161,37666,46452,36568,49794,23868,20116,39265,57424,50509,93605,29831,92714,47983,47403,8025,33980,13133
32086,48690,54846,26057,79970,46803,7753,98300,70627,53838,58454,20072,4756,15583,64791,51400,27409,53321,35925,43481,71286,82874,60517,77370,69700,69777,59468,53806,99262,30985,75509,53327,63627,66498,98135,95077,41828,5820,20146,43215,85157,48036,88937,77721,88642,9426,24987,13088,33694,42430,58020,35023,71896,2010,21691,31824,20695,60229,31652,88002,79060,3622,83024,25479,98284,14174,55408,31899,46733,58414,86577,33471,87057,14343,98821,48667,55301,14485,85407,73535,17447,22061,31728,12315,35557,91531,29186,39993,37552,45828,74897,60342,6034,31093,11940,33358,36544,53937,11493,63881
67499,62501,32992,34966,70200,91571,57637,79089,53349,78966,5790,8039,44750,6971,61921,76779,98326,4184,53502,76640,4489,11152,29395,99231,41248,27339,7321,57151,26708,218,7773,56962,58409,6600,50918,94095,52382,83622,23752,68652,7234,63587,34096,46233,48889,92060,90215,92460,83604,71418,13996,61171,88348,52107,69169,75909,2928,68306,92,57272,58983,11539,59273,14875,74693,99606,59363,43615,61960,32480,46061,93372,43303,67569,12785,96564,43588,12548,63614,41309,83701,16187,14157,29672,10429,87076,92572,67891,60287,93508,53988,42741,24529,86550,25290,77971,92413,64716,39172,34035
36738,25545,62573,46574,95927,12201,27932,99004,6386,50409,73554,8465,63962,2423,34207,55794,60856,60425,67690,51481,83759,54476,12244,1452,58145,64986,37161,22146,6041,44871,93029,29066,53232,10420,35511,30506,56360,26318,44164,85711,18169,50706,27884,70524,18674,1377,91226,37745,76336,32195,99879,50782,90248,18274,77661,4629,76289,57829,85362,31202,77808,23365,33634,61182,17133,65960,55247,23361,55329,57407,42619,86012,47092,55457,93218,49920,93315,56343,75735,6282,47306,76788,41747,10953,97943,43081,72725,15467,73842,85715,98206,98976,20222,3005,24807,80977,21297,68907,92197,29599
69137,45320,26160,4446,95141,2237,80785,92181,45909,49652,86094,83264,68802,74505,55859,22584,6646,22221,16034,38754,15229,9873,14713,77719,71341,4086,28076,18773,20394,99282,65201,1966,95260,14535,2618,4318,52913,67130,69746,92605,82686,84980,43132,72889,10296,75054,26013,10999,31873,99299,79352,62224,49009,44557,79576,63144,87232,39417,76819,76580,12549,12941,44870,72849,88084,17113,1008,75202,62295,7974,2786,4443,34081,99710,87828,26601,57070,29853,58812,44032,37553,80645,34587,49687,18006,6858,44892,56934,117,22609,26962,72583,82582,17498,36130,43160,80888,1886,50193,34240
77905,24756,20368,29099,7978,39294,25335,46780,57285,52154,51587,38766,31770,43104,14656,2197,58713,98370,20548,37559,51236,98414,91580,61176,62903,16351,94029,1684,83909,35954,46199,49621,66576,38202,7667,66882,24321,14800,40953,44140,26728,33514,65232,32184,60039,88572,78761,99683,95453,46185,97415,28594,97517,20693,12223,18502,11466,23818,73303,50935,35795,54550,48434,70155,40441,54978,48880,43823,20885,61683,25431,938,65741,60326,56314,16640,7531,60996,61087,55327,9832,82595,9581,12270,47243,71734,4072,87061,28351,90973,439,93591,99351,99842,58294,25379,71492,67817,76978,59366
72997,34623,9107,91361,28795,50968,56952,71918,45343,53483,34745,94023,45706,19617,24948,21238,16447,45867,67783,44753,35958,56067,70796,14849,13446,93226,3659,43708,78673,24702,62070,17231,56039,40879,73166,82202,61556,10245,1306,57155,13746,71275,89786,47853,23513,20700,51237,45769,31625,73190,16392,30363,92963,85878,15124,39646,79488,29997,95047,25445,7062,40459,91316,36581,94591,41298,65851,35294,10643,84905,845,13640,80675,46451,58638,91851,89016,97192,13881,77191,55010,54333,89610,10594,44931,85537,26945,26345,16992,86886,25937,13633,27842,22377,61174,55289,28755,59982,71212,28975
56639,20920,36457,52500,57484,32240,71955,39053,21452,33615,48571,78668,93387,52756,31951,61884,93145,73324,31401,29557,1144,18043,35367,66649,37214,52682,67165,24329,49632,17028,86357,14537,67740,32770,77869,9014,13843,37667,96458,34109,2758,3157,62645,56728,45290,35431,94658,1029,75365,87976,6853,64107,87784,59414,6078,34222,94182,32148,52862,2591,4309,3688,64906,39390,92376,84728,54873,70543,20965,6530,22656,61659,60891,29237,65763,65932,19198,5283,93050,93848,11136,15880,88895,6350,2367,86911,89386,52924,97246,46198,75525,90411,2738,49373,28431,97082,63890,19347,50323,43361
77409,22777,51003,76661,81486,15221,50693,23962,63597,83229,29131,74036,48228,32442,81876,68017,37787,21870,71079,35258,87645,73113,24270,611,49452,66823,15260,26219,32891,79158,10647,22605,90029,23258,31930,32403,61582,36271,58075,88671,34379,53196,16790,23910,99886,14169,55288,6405,7029,36832,76306,25537,65671,91830,5373,2852,71352,25850,66461,66470,48277,23364,37225,61507,37922,52036,42912,72708,2849,25138,63491,79450,31815,72330,90711,73711,37293,40980,72110,27262,59826,6906,88335,48352,11272,82116,22554,51829,63322,59308,26128,89274,49090,37028,96339,36187,80330,30336,82882,74165
13238,54104,88925,38783,86265,76079,80235,50519,34845,47349,51174,29502,60274,11303,91574,53135,95445,27011,43918,62748,75685,52150,72055,63822,3940,19560,26637,13233,80916,56407,36113,63560,97390,902,75171,75559,94600,43358,80276,59543,99133,70570,70132,8276,12983,2797,15087,27680,22501,24233,50528,85420,57,77346,82715,4758,59223,87869,55389,5997,57163,36906,62036,76747,53375,97598,34248,29316,30077,98037,7541,95546,21712,25319,93555,16766,88963,53736,52926,17698,25580,48769,73125,90630,42862,47219,19863,36169,15211,82885,71360,62368,83258,67645,66108,44966,40470,15418,72422,67749
70444,24012,91323,37212,37672,64500,55934,46071,12231,59632,12561,5328,95574,32763,5601,27094,53975,98328,90291,26706,50474,12947,97852,23974,42153,78017,72444,23085,69578,87058,89761,9465,42699,79736,68449,29372,53550,23618,29062,88746,82058,39886,83587,17519,74098,46702,41725,38457,52736,86753,8879,26225,65877,47027,70435,2817,59689,53716,43084,53767,97880,50083,25607,96499,34128,74490,84839,85963,64653,82310,34061,13504,59948,43769,77762,65883,27780,34595,56191,58163,95995,99321,71849,20519,98685,30305,2152,15734,89456,98987,13838,2640,18467,90131,34212,33465,30929,3572,20630,60350
59335,82374,80302,59873,47072,14973,32990,47257,27438,41244,71487,57125,84428,24765,42118,50596,87319,35931,13815,7625,1631,70622,97794,71092,5055,35773,71383,76211,52796,46605,13244,88430,64482,12836,47581,33323,57483,14304,61091,49617,73101,54972,93312,35965,93593,73171,29514,18900,82149,72904,13472,40330,52838,94877,10912,12211,38168,54530,22122,11348,51841,37843,21812,94426,51440,34751,73589,7636,84766,79068,66605,46102,48003,87582,68900,27864,23980,38992,74279,79347,5729,25569,60367,42122,9824,72598,7751,30549,10729,1066,43066,5870,51039,23149,95876,63224,37679,42870,45075,57475
65821,75615,95349,53098,68936,36215,45611,531,55214,1801,144,15450,64033,24622,40651,61167,47494,81350,57361,44868,59811,90226,18471,54307,60911,59216,5516,919,42936,47013,66394,13591,88381,52904,80366,27185,24414,58043,47324,94746,62719,16164,12510,31660,73664,25439,52598,39803,64809,89951,14453,13167,89300,80545,41677,33867,74833,36040,10447,23994,98438,28326,36192,81793,56999,145,39745,96161,47822,108,6641,22587,65829,45428,33225,26614,33459,31162,65497,40301,66890,71945,58287,43281,26545,36022,17072,69509,49775,59947,32398,73722,73816,83023,41939,39475,81735,87815,89134,83920
10832,32228,64031,33226,4074,31849,97987,97239,5761,99067,27035,86461,13365,35752,97286,19042,22511,17575,47387,17750,30611,33651,99998,77054,16840,59926,49227,59460,85548,65775,29871,92430,89756,20850,29101,54570,77923,96627,65786,90090,94860,81612,46961,11840,68976,35200,91634,79681,44255,7706,34562,69614,10107,71956,11952,34108,83232,9378,89054,71463,52017,37809,82703,18056,92220,99896,65623,89796,74060,2097,24062,79014,84912,10160,4173,26550,85394,5538,66202,42448,47429,29509,28937,97652,20046,81608,37303,19111,30862,53198,21129,97920,24020,61301,1754,96291,9622,5883,93975,69742
67223,51207,18505,84449,86973,34942,65481,12864,88459,29575,19648,12659,89744,7986,53203,58981,26153,55542,329,65868,18807,84724,95655,4633,75004,26528,53281,44804,25718,64493,81260,58432,50792,80019,76147,22393,85156,16354,20960,51026,50924,85230,30794,17315,75398,76959,89174,77645,38846,75558,33707,13686,79578,88920,52437,51368,11845,59815,43942,10489,72268,14118,43029,90485,72148,59730,6175,81483,15092,33711,34626,63761,70490,54148,66187,27853,1444,94971,20945,8392,87763,52045,69371,38027,94721,40684,86536,78786,47356,44643,52298,63108,79948,4157,78573,82416,36488,90056,95864,50632
27603,46652,75625,49900,71122,80280,89057,77718,50201,70568,37713,57996,16153,2639,3984,80117,69946,33443,32161,70608,46374,67439,26524,48151,21614,85216,83216,27638,56017,12849,27176,26876,81928,20224,91959,3224,30962,14893,74596,98603,69499,37572,79469,34046,55829,11657,76758,73023,42749,34202,78454,61108,79889,97759,85346,59971,61971,87239,29929,44243,8959,5511,64895,19312,9019,17946,19742,77315,15047,17339,95444,45027,55428,34684,94700,55000,57581,62378,83215,94574,51733,82777,99396,66610,51712,57992,65099,73976,1069,91023,87681,96479,74708,62001,20370,55945,25364,57625,8601,32019
67170,4447,95171,34385,62723,52569,36799,35099,3797,9363,23722,52957,34268,52464,62196,83686,1392,43035,95713,38782,2582,71044,13997,59651,23543,75479,43472,90304,85484,94717,16429,77028,41649,82596,12344,70458,63929,82353,8345,2229,66790,90264,21839,6977,74089,99711,11100,71550,42702,80263,288,99088,50398,55877,44306,5488,63495,26521,47111,6003,11238,5826,8325,63569,73611,50496,14932,59479,44252,57088,66451,88450,30455,5840,95020,13990,83732,37428,82249,84192,69666,74319,32259,87654,22914,60890,95336,51210,31513,29972,91857,96455,81493,82397,8179,14465,54210,23110,31537,97976
23308,93111,41304,58743,52455,16935,77674,87697,1873,40975,10393,10948,48596,19427,92214,53176,47204,33092,74681,18605,71545,38510,94630,42308,5438,94176,47141,35691,1030,22187,21157,14241,63487,85637,68755,89715,22672,87267,42784,55007,73270,62953,80254,70246,80222,19215,71155,46031,80814,38941,73147,3600,9496,60809,68780,17730,20105,13402,87519,13332,63781,99084,30617,12453,98175,40215,76287,5623,40149,15847,10266,19474,57693,69309,92086,84405,85612,11206,92167,3417,42557,36768,44063,87727,69385,42826,43429,89579,12128,73791,13297,69390,69527,49422,5355,52014,26883,27836,48198,50404
98351,6197,83003,66480,62267,13288,47999,64318,14345,37464,74988,40306,40083,41249,17565,16621,69420,5160,39848,16863,19326,66822,71184,51088,20160,25677,10825,16082,92308,74074,66677,61403,2543,24743,92972,33168,85884,37992,2740,3943,45171,18347,18223,59353,84488,31025,29192,55333,89454,78136,2163,34075,65668,22353,35783,36132,90626,20723,22858,36411,18595,29446,38745,57255,39105,42942,10668,59943,25802,99599,19334,92379,24011,38746,92798,19866,32352,67847,50343,86800,15116,75554,32547,26802,88072,63163,36123,85113,21375,10894,35011,38833,5988,31561,92711,2472,12014,8456,43142,57442
45213,45555,13012,44340,56029,99079,17095,61099,93768,30021,76739,13681,54371,91343,27169,10991,95513,40007,75511,29726,37223,87330,63153,39966,65194,49887,58262,54382,18443,6528,53075,88922,52111,19352,13695,57325,80705,81799,58546,72236,91371,41154,73720,23161,60308,15933,73632,92858,86915,38480,85080,98945,76093,3277,56744,61781,8665,76353,39684,13834,54737,44303,31788,99039,97484,57039,32676,78177,50825,88414,65537,6582,93002,44260,21924,17713,77478,48535,74337,94900,19041,25272,67437,83038,57421,5175,2286,36637,518,18048,24189,18550,76218,76220,34033,7076,31963,34480,47530,5465
68911,49996,83724,75975,79597,94342,41115,73431,48066,46881,80513,97968,10275,99220,82761,79991,73331,38904,36517,75758,24043,52595,74537,76315,36239,53100,47810,10620,72605,1816,1106,80797,13780,57441,70261,8293,85554,54047,8350,53713,59095,50272,74183,82489,52694,20174,41461,59393,1367,13113,91328,96754,21204,16797,7665,46450,24644,61524,85566,84593,77659,80683,29646,62084,83689,38465,98094,35571,46129,18608,22856,99898,41595,80515,28652,50408,64619,89874,99354,19776,22143,444,99042,33801,40889,14450,30228,84461,11021,21068,69739,97325,6548,30047,69861,9667,16955,9325,63999,83433
11471,58265,44478,1511,38705,64988,76478,67149,40634,94831,33274,34784,49898,69037,67264,98198,32640,95128,2306,33950,65459,30945,28993,74218,67517,31058,77801,61260,81428,57833,63610,57320,72986,6583,78103,61831,18211,82400,53818,64424,64188,20661,90556,18126,3178,20539,34785,8672,17924,68242,42240,52474,39012,80391,41599,1316,40113,152,66642,92069,28260,47217,64119,57032,53703,73353,53691,55950,76798,37118,98436,46112,76751,32749,83367,92816,42010,50317,85699,40214,86415,98813,62333,59067,49991,35545,8707,57849,90109,25393,9846,75495,41316,10409,93120,63484,72523,44679,67839,54128
67559,78813,50955,9347,186,35568,15407,48935,76701,80161,71822,25810,55255,46167,64849,81574,66325,49053,27657,7231,37361,35605,37503,33419,69494,64632,21377,51607,65302,80129,13847,56849,79056,70901,82442,66592,71367,27384,2126,51382,68974,17190,6453,78697,93631,48045,11884,43606,93202,72542,55161,17872,60540,11901,81781,26789,64945,50263,28607,78050,76613,31622,85930,92498,59667,56648,94060,92599,95969,55334,68064,20428,82936,65314,95140,21962,88216,10826,17373,3429,68905,87513,91869,96390,53672,97403,84587,34037,95786,36162,94813,49248,25253,95830,27615,10960,13199,11390,34473,71862
82669,88284,12713,30268,27613,17710,97823,61117,55615,73031,44404,1726,5394,70386,97588,20474,62651,22386,84477,96054,55101,13152,20586,4033,51224,12544,50858,12163,44677,63889,22561,58364,12272,64044,69548,79835,60854,3866,42022,66296,77010,46465,26846,19730,88664,75670,64546,2772,78049,96108,41514,76756,47417,18914,51238,40493,39628,2638,40674,45904,41631,98361,73871,53779,67993,51195,36984,39784,98393,46659,73701,589,52877,6902,78657,71766,6299,98068,34728,75497,80826,83044,61257,93257,16223,27589,92576,87437,14363,69010,45157,63401,66159,97143,16550,13573,9701,68032,7098,75429
41325,91182,46442,77233,20186,7339,97828,60330,68485,36079,70904,54286,15816,48124,65388,53756,15357,8213,19285,96975,85328,60976,1738,31398,45297,81368,91852,99699,59493,88240,61970,1046,1773,48217,20164,20108,45345,45104,76917,85415,10636,6447,92806,3632,22808,91357,73614,42974,32985,45001,77190,77733,57749,90149,79648,53637,33064,63105,9160,73799,26369,89887,48126,55508,44784,98122,72557,35454,79136,21980,11626,10555,85049,39,69393,64393,84240,42333,37218,34780,9036,71516,19773,89919,95396,79212,15780,83091,69996,43146,39829,5219,64821,15868,9050,31135,89215,25931,73909,62619
23945,19288,56469,43145,18779,26119,33174,69801,85490,6617,42273,16128,60067,20366,97866,78914,76420,67472,30095,681,29817,57525,88113,65382,85707,40172,35358,87495,54318,72678,57037,39878,22936,12594,10465,24332,90166,39719,5592,35202,18855,2327,96798,87792,41656,2023,4759,24923,51221,11770,95527,13869,41699,7297,28200,99379,90778,74396,468,65242,52191,90736,70421,11711,27066,57274,53533,52238,40336,29232,96732,44812,70229,10605,81702,7326,929,59590,71043,82083,72859,50425,4091,65993,31430,84137,46720,60575,42304,12397,48060,69439,8184,96103,45539,5282,39581,22959,4143,53705
99540,44039,45699,70497,15302,99557,82790,24108,6763,91894,88050,89742,77758,57414,42952,44402,27115,40782,47785,34574,97206,54540,53792,62100,22007,68285,91160,73402,32283,99856,1010,28288,51952,77680,53125,10264,43245,45487,70907,96766,13663,4619,35987,21853,89998,57801,41868,22861,89496,41943,66262,44288,14236,65377,93712,13564,73882,48784,3618,94188,29441,86070,75723,80087,94214,78254,72741,2050,65571,65442,5279,56833,19763,60185,33703,87322,8827,56887,14959,25759,70023,96941,60538,2503,2443,90010,71301,15644,68887,97215,32138,22576,6616,64574,48819,19057,48615,94477,25293,62262
50753,9409,44178,35964,69867,4140,93235,94202,87531,61856,82526,78184,3408,8404,14328,81877,50418,95133,75627,39891,4748,37520,89665,23534,37377,47904,89159,76562,42747,68008,56320,11525,33859,36939,49233,15049,44348,78555,32967,3551,24474,53452,20739,31048,73249,64463,61710,58252,22930,17400,85300,62342,50129,77497,2089,21018,89387,43998,16470,48886,53766,43698,47226,66752,4666,92937,5839,78351,21197,28653,32378,69474,12290,9013,97988,20819,79786,67304,34505,61188,93141,40831,82666,7312,89692,58171,42888,49751,35887,47772,86887,67561,82828,61875,87065,46227,39496,41150,27252,8836
80948,86052,23620,62627,5434,79365,66818,94964,65491,2432,92287,31441,64616,76915,89072,63754,60799,89200,52625,78498,86426,2062,24733,54891,87893,47693,74112,21170,43200,94248,87332,95041,93440,60285,51895,36294,35226,71727,61718,90394,25209,63349,6892,90520,57662,35538,40905,53530,17471,57456,99621,60104,49274,46150,51031,2330,44414,56331,94916,25038,41590,78603,54979,80861,23279,36059,56283,95114,65626,18335,61908,92783,49790,97351,90454,92294,25303,6344,95693,14507,66737,32730,97335,60199,28782,39591,36837,45160,48209,8637,61221,41507,27726,47148,12355,40167,55226,59153,19824,11818
60477,92204,86250,2753,59456,26553,71908,1881,84142,83035,22066,74417,82681,989,32917,17331,74454,7059,98213,12112,64775,30206,77320,19876,45516,33523,51433,22569,93557,92054,48330,757,56774,49514,36438,43158,50734,93964,32260,55889,90969,82755,63602,93944,19073,94727,54505,99241,62704,34962,76997,43380,4848,96738,38183,16329,31253,40841,92457,77878,19632,51997,72204,58893,10996,23058,16912,37709,71691,41369,36811,69608,56487,28393,50164,64848,73302,73685,42351,23955,40773,84143,54781,33341,28543,67756,29239,17670,38020,97067,47613,83107,84625,40728,52364,53845,49971,73829,30538,7650
60549,63146,54388,30272,22515,4592,96987,38108,83806,77962,13998,27590,77532,52797,59894,48486,29406,79426,65488,71818,21880,43635,43874,82318,65742,56155,22168,68582,97251,95762,15389,4022,45750,89013,52711,47933,61023,22310,26957,83090,98572,23717,24629,38694,44640,35218,47648,93720,69573,69066,39238,59458,77179,293,77359,65994,27247,74878,82531,28886,7964,12076,87494,14778,88838,65679,60896,99432,23937,47707,60660,40259,24832,12895,47310,85452,47450,86715,95738,94951,85587,90067,78240,72119,8787,38707,98324,61711,25409,56048,73072,78559,66509,35531,44026,68414,28559,51114,4387,11175
48131,48583,89864,20542,12538,41096,66009,29744,26186,73137,17004,99307,95906,14066,28410,39214,29703,37560,82075,36737,93276,38517,87367,90204,20921,51112,47197,1814,14532,91827,16461,84097,86378,29459,63863,26314,41416,98202,36947,2886,65910,29822,32825,79968,41648,8823,35285,7033,73465,14003,65423,74123,53384,75901,44096,17925,12978,9654,82358,68333,8519,46288,77952,61088,27895,55424,44856,74805,83419,79875,5408,34256,29367,48820,62157,48712,55441,85032,49585,84566,34422,68532,6494,90059,35755,26194,41887,18113,51692,68053,89814,894,74944,34493,17194,25635,10542,30618,23171,92375
