32.22257543820888
86.96392273996025
49.78226248640567
89.76603101473302
93.41628684196621
12.155705224722624
83.07957525830716
27.24851774983108
97.43910885881633
15.525710443034768
29.792212322354317
40.684619871899486
49.899044004268944
67.91654760017991
27.384230215102434
41.79878511931747
32.70214330404997
12.528516841121018
79.2061124695465
75.40657378267497
89.87496951594949
53.789989301003516
36.020809574984014
53.54943552520126
1.8842645455151796
64.04378276783973
89.74200289230794
57.153469673357904
99.05532135162503
58.53292054962367
72.09983489010483
66.55831432435662
48.17082309164107
31.906449561938643
80.73980333283544
29.892437253147364
74.39257176592946
81.09678034670651
79.29407998453826
89.94397767819464
92.88126691244543
55.63477373216301
98.36883037351072
77.89685057941824
94.07276043202728
38.87673541903496
66.34111753664911
32.384602329693735
96.86855813488364
27.601303765550256
56.41030848491937
83.81047684233636
17.478640866465867
40.88600149843842
78.04223459679633
91.8602318270132
47.10216710809618
53.23922953102738
92.56593422032893
78.14671215601265
4.378059785813093
52.27116663008928
38.46122873947024
44.175467756576836
71.30581133533269
29.06542590353638
60.511708026751876
7.874475419521332
76.48657183162868
48.46098746638745
61.84167640749365
3.3228978514671326
9.759859857149422
65.0871102232486
9.8412299528718
40.19373182673007
85.67558492068201
32.18789354432374
53.19151545409113
35.60340616386384
42.71940442267805
24.45590572897345
40.11267765890807
31.58201747573912
18.552879383787513
94.68122378457338
99.6778691187501
93.58968182932585
23.692697705700994
98.31012038048357
23.668255913071334
59.42297608125955
90.6216578790918
2.562455600127578
16.903040278702974
46.662852098234
9.276041481643915
55.833713710308075
79.3857688549906
33.68951885495335
